Names	adjusted_mutual_info_score	adjusted_rand_score	completeness_score	contingency_matrix	fowlkes_mallows_score	homogeneity_score	v_measure_score	accuracy	precision	recall	f1score	calinski_harabasz_score	davies_bouldin_score	silhouette_score	normalized_partition_coefficient	partition_entropy	xie_beni
KMeans	0.01964201500188006	0.005676255998318137	0.02106589713606104	"[[ 71  83 342 133]
 [ 76  10 185  62]
 [ 68  24 336  83]]"	0.3823463331503836	0.021919556432306954	0.021484250263249908	0.2830957230142566	[0.3302325581395349, 0.08547008547008547, 0.38933951332560834]	[0.11287758346581876, 0.03003003003003003, 0.6575342465753424]	[0.16824644549763032, 0.044444444444444446, 0.4890829694323144]	393.64747362739115	1.2545544819953727	0.32681303278408186			
Bisecting KMeans	0.030650915415349107	0.015657655967618735	0.029471271159795635	"[[179 115 225 110]
 [179  78  60  16]
 [187  85 197  42]]"	0.33198113538241725	0.035796525806071115	0.03232740088227778	0.30821452817379497	[0.3284403669724771, 0.2805755395683453, 0.4087136929460581]	[0.2845786963434022, 0.23423423423423423, 0.38551859099804303]	[0.3049403747870528, 0.25531914893617025, 0.3967774420946626]	362.5586396022953	1.6314591866380064	0.23286350788564833			
KMedians	0.03314446142292746	0.022694670152194656	0.03199139328836322	"[[242  88 155 144]
 [ 81  12 173  67]
 [248  32 133  98]]"	0.3408535283797311	0.03822668139111202	0.034832193963571643	0.26272912423625255	[0.4238178633975482, 0.09090909090909091, 0.2885032537960954]	[0.3847376788553259, 0.036036036036036036, 0.2602739726027397]	[0.4033333333333333, 0.05161290322580646, 0.2736625514403292]	323.86699185234863	1.6062795556355658	0.2002488683718711			
FuzzyCMeans	0.03146299252408522	0.021463102058448185	0.03152069842326865	"[[ 23 196 178 232]
 [  6 114 175  38]
 [ 12 216 151 132]]"	0.35022302210567713	0.035125339293344056	0.03322553792585042	0.1955193482688391	[0.5609756097560976, 0.21673003802281368, 0.2996031746031746]	[0.03656597774244833, 0.34234234234234234, 0.29549902152641877]	[0.06865671641791045, 0.26542491268917345, 0.2975369458128079]	223.60072080275387	1.7839584007276668	0.10306057499845861	0.00014632580619400315	1.3860744428585363	4043.210927492604
