Names	adjusted_mutual_info_score	adjusted_rand_score	completeness_score	contingency_matrix	fowlkes_mallows_score	homogeneity_score	v_measure_score	accuracy	precision	recall	f1score	calinski_harabasz_score	davies_bouldin_score	silhouette_score	normalized_partition_coefficient	partition_entropy	xie_beni
KMeans	0.037015405687377725	0.032553403219697435	0.03506239544658483	"[[ 720 1440 1080 1080]
 [   0    2    0    0]
 [  48  196   84    0]
 [ 668 1924 1092  582]
 [ 724  758  984 1578]]"	0.3126589262393622	0.04001898227534768	0.037377081361100885	0.10709876543209877	[0.3333333333333333, 0.000462962962962963, 0.025925925925925925, 0.17962962962962964]	[0.16666666666666666, 1.0, 0.25609756097560976, 0.13642756680731363]	[0.2222222222222222, 0.0009254974548819992, 0.04708520179372198, 0.1550759392486011]	1927.3388429752067	1.8482303208151851	0.1787907867622519			
Bisecting KMeans	0.02365594042052307	0.020598736173239908	0.022589749570761333	"[[ 720 1260 1440  900]
 [   0    2    0    0]
 [  70  170   64   24]
 [ 844 1628 1172  622]
 [ 526  720 1644 1154]]"	0.3059597213988252	0.0256506764391983	0.024023102820961283	0.10864197530864197	[0.3333333333333333, 0.0005291005291005291, 0.014814814814814815, 0.23037037037037036]	[0.16666666666666666, 1.0, 0.1951219512195122, 0.14580403187998126]	[0.2222222222222222, 0.0010576414595452142, 0.027538726333907058, 0.17858168245765144]	1338.2694610778442	2.350685552157331	0.12966596409575704			
KMedians	0.04096474980255788	0.03953560755016071	0.039099801397095124	"[[ 540 1350 1080 1350]
 [   2    0    0    0]
 [  76  168   84    0]
 [ 622 1800 1092  752]
 [ 380  732  984 1948]]"	0.32257701651204246	0.0438218349964438	0.04132636835784229	0.10617283950617284	[0.3333333333333333, 0.0, 0.025925925925925925, 0.18567901234567902]	[0.125, 0.0, 0.25609756097560976, 0.17627754336615095]	[0.18181818181818182, 0, 0.04708520179372198, 0.18085618085618088]	1842.4746376811595	1.9385767177787014	0.1650371534150425			
FuzzyCMeans	0.017752364225042644	0.014591486457769406	0.01779141177118286	"[[ 793 1219 1999  309]
 [   0    0    2    0]
 [  24   41  211   52]
 [ 730 1007 2126  403]
 [ 979 1552 1299  214]]"	0.3284750178434681	0.018480815672951317	0.01812956218424789	0.10856481481481481	[0.31393507521773556, 0.0, 0.037431257761220506, 0.4120654396728016]	[0.18356481481481482, 0.0, 0.6432926829268293, 0.09446788560712611]	[0.23166812737364886, 0, 0.07074601844090528, 0.15369946605644544]	878.6949259956477	2.5884973484935623	0.06502177091136593	4.077549888847898e-07	1.3862937494212568	85327.33061665276
